1 2 -10
1 2 -11
1 2 -12
1 2 -13
1 2 -14
1 2 -15
1 2 -16
1 3 3
1 3 2
1 3 1
1 3 0
22 3 -1
1 3 -7
1 3 -8
1 3 -9
20 3 -10
1 4 3
1 4 2
1 4 1
1 4 0
1 4 -7
1 4 -8
1 4 -9
1 5 3
1 5 2
1 5 1
1 5 0
1 5 -7
1 5 -8
1 5 -9
1 6 3
1 6 2
1 6 1
1 6 0
1 6 -7
1 6 -8
1 6 -9
1 7 3
1 7 2
1 7 1
1 7 0
1 7 -7
1 7 -8
11 7 -9
1 8 3
1 8 2
1 8 1
1 8 0
1 8 -7
1 8 -8
11 8 -9
1 9 3
1 9 2
1 9 1
1 9 0
1 9 -7
1 9 -8
11 9 -9
1 10 3
1 10 2
1 10 1
10 10 0
1 10 -7
1 10 -8
1 10 -9
25 10 -10
1 11 3
1 11 2
1 11 1
10 11 0
1 11 -7
1 11 -8
1 11 -9
1 12 3
1 12 2
1 12 1
10 12 0
1 12 -7
1 12 -8
1 12 -9
1 13 3
1 13 2
1 13 1
1 13 0
1 13 -7
1 13 -8
1 13 -9
1 14 3
1 14 2
1 14 1
1 14 0
1 14 -7
1 14 -8
1 14 -9
1 15 3
1 15 2
1 15 1
1 15 0
1 15 -7
1 15 -8
1 15 -9
25 15 -10
1 16 3
1 16 2
1 16 1
1 16 0
1 16 -7
1 16 -8
1 16 -9
1 17 3
1 17 2
1 17 1
1 17 0
1 17 -7
1 17 -8
1 17 -9
1 18 3
1 18 2
1 18 1
1 18 0
1 18 -7
1 18 -8
1 18 -9
1 19 3
1 19 2
1 19 1
1 19 0
1 19 -7
1 19 -8
1 19 -9
1 20 3
1 20 2
1 20 1
10 20 0
1 20 -7
1 20 -8
1 20 -9
25 20 -10
1 21 3
1 21 2
1 21 1
10 21 0
1 21 -7
1 21 -8
1 21 -9
1 22 3
1 22 2
1 22 1
10 22 0
1 22 -7
1 22 -8
1 22 -9
1 23 3
1 23 2
1 23 1
1 23 0
1 23 -7
1 23 -8
1 23 -9
1 24 3
1 24 2
1 24 1
1 24 0
1 24 -7
1 24 -8
1 24 -9
1 25 3
1 25 2
1 25 1
1 25 0
1 25 -7
1 25 -8
1 25 -9
25 25 -10
1 26 3
1 26 2
1 26 1
1 26 0
1 26 -7
1 26 -8
1 26 -9
1 27 3
1 27 2
1 27 1
1 27 0
1 27 -7
1 27 -8
1 27 -9
1 28 3
1 28 2
1 28 1
1 28 0
1 28 -7
1 28 -8
1 28 -9
1 29 3
1 29 2
1 29 1
1 29 0
21 29 -1
1 29 -7
1 29 -8
1 29 -9
1 30 3
1 30 2
1 30 1
1 30 0
1 30 -1
1 30 -7
1 30 -8
1 30 -9
1 31 3
1 31 2
1 31 1
1 31 0
1 31 -1
1 31 -2
1 31 -7
1 31 -8
1 31 -9
1 32 3
1 32 2
1 32 1
1 32 0
1 32 -1
1 32 -2
1 32 -3
1 32 -7
1 32 -8
1 32 -9
1 33 3
1 33 2
1 33 1
1 33 0
1 33 -1
1 33 -2
1 33 -3
1 33 -4
1 33 -7
1 33 -8
1 33 -9
21 33 -10
1 34 3
1 34 2
1 34 1
1 34 0
1 34 -1
1 34 -2
1 34 -3
1 34 -4
1 34 -5
1 34 -7
1 34 -8
1 34 -9
1 35 -5
1 35 -8
1 36 -5
1 36 -7
1 37 -5
1 38 -5
1 38 -6
1 39 -5
1 40 -5
1 41 -5
1 41 -6
1 41 -7
1 41 -8
1 41 -9
1 41 -10
1 41 -11
21 41 -12





