22 0 0
0 0 1
1 0 2
11 1 1
1 1 2
0 2 1
1 2 2
11 3 1
1 2 2
11 3 1
1 3 2
0 4 1
1 4 2
23 5 0
0 5 1
1 5 2
0 6 1
1 6 2
11 7 1
1 7 2
0 8 1
1 8 2
11 9 1
1 9 2
0 10 1
1 10 2
11 11 1
1 11 2
0 12 1
1 12 2
11 13 1
1 13 2
0 14 1
1 14 2
23 15 0
0 15 1
1 15 2
0 16 1
1 16 2
11 17 1
1 17 2
0 18 1
1 18 2
11 19 1
1 19 2
0 20 1
1 20 2
11 21 1
0 21 2
0 22 1
1 22 2
11 23 1
1 23 2
0 24 0
11 24 1
1 24 2
11 25 1
1 25 2
0 26 1
1 26 2
24 27 0
0 27 1
1 27 2
0 28 1
1 28 2
11 29 1
1 29 2
0 30 0
11 30 1
1 30 2
11 31 1
1 31 2
0 32 0
11 32 1
1 32 2
11 33 1
1 33 2
0 34 1
1 34 2
25 35 0
0 35 2
0 36 1
1 36 2
11 37 1
1 37 2
0 38 0
11 38 1
1 38 2
23 39 -1
0 39 0
11 39 1
1 39 2
0 40 0
11 40 1
1 40 2
11 41 1
1 41 2
20 42 0
0 42 1
1 42 2