0 -1 1
1 -1 2
1 -1 3
0 0 3
22 0 2
0 1 3
0 2 3
0 3 3
0 4 3
0 5 3
1 5 4
1 5 5
0 6 3
0 7 3
0 8 3
1 9 3
0 9 2
11 10 2
1 10 3
1 10 4
1 10 5
11 11 2
1 11 3
0 12 1
11 12 2
1 12 3
0 13 -5
11 13 2
1 13 3
0 14 -4
11 14 2
1 14 3
0 15 -6
0 15 0
11 15 2
1 15 3
1 15 4
1 15 5
0 16 -3
11 16 2
1 16 3
11 17 2
1 17 3
0 18 -6
0 18 -1
11 18 2
1 18 3
0 19 -2
11 19 2
1 19 3
0 20 -6
1 20 -5
1 20 -4
1 20 -3
1 20 -2
1 20 -1
1 20 0
1 20 1
1 20 2
1 20 3
1 20 4
1 20 5
0 21 -3
0 21 3
0 24 1
1 24 2
1 24 3
1 24 4
1 24 5
0 24 7
0 25 5
1 25 6
1 25 7
21 24 6
1 24 7
0 23 7
0 22 7
0 21 7
0 20 7
0 19 7
0 18 7
0 17 7
0 16 7
0 15 7
0 14 7
0 13 7
0 12 7
0 11 7
0 10 7
0 9 7
0 8 7
0 7 7
0 6 7
0 5 7
0 4 7
0 3 7
0 2 7
0 1 7
0 0 7
23 0 6
0 -1 7
1 -1 8
1 -2 8
1 -3 8
1 -4 8
11 -2 7
11 -3 7
0 -4 7
0 -5 7
0 -6 7
20 -6 6
