22 3 2

0 3 3

0 4 3

0 5 3

0 6 2

1 6 3

25 7 1

0 7 2

1 7 3

0 8 2

1 8 3

0 9 2

1 9 3

10 10 3

0 11 3 

0 12 3

25 13 2

0 13 3

0 14 3

0 15 3

0 16 3

11 17 3

11 19 3

0 20 3

0 21 3

0 22 2

1 22 3

0 23 2

1 23 3

0 24 1

1 24 2

1 24 3

0 25 1

1 25 2

1 25 3

23 26 1

0 26 2

1 26 3

0 27 2

1 27 3

0 28 2

1 28 3

0 29 2

1 29 3

0 30 1

1 30 2

0 31 1

1 31 2

24 32 0

0 32 1

1 32 2

0 31 -1

0 33 1

1 33 2

0 34 -1

0 34 1

1 34 2

10 35 -2

0 35 -1

0 35 1

1 35 2

0 36 -1

0 36 1

1 36 2

0 37 -1

0 37 1

1 37 2

0 38 1

0 38 2

0 42 3

0 43 3

24 44 2

0 44 3

0 45 3

24 46 2

0 46 3

0 47 3

0 48 3

0 49 3

10 50 2

0 50 3

0 51 1

1 51 2

0 52 1

1 52 2

20 53 -1

0 53 0

1 53 1

0 54 0

1 54 1
