0 0 2
1 0 3
22 1 0
0 1 3
0 2 3
0 3 3
23 4 2
0 4 3
0 5 2
1 5 3
1 5 4
10 6 3
1 6 4
0 7 1
1 7 2
1 7 3
1 7 4
23 8 -1
0 8 0
1 8 1
0 9 1
1 9 2
1 9 3
1 9 4
1 9 5
1 9 6
11 10 5
1 10 6
0 11 1
0 11 5
1 11 6
0 12 5
0 13 0
0 13 5
0 14 5
0 15 1
0 15 5
0 16 5
21 17 4
1 17 5
0 18 3
1 18 4
0 19 3
0 20 3
1 20 4
10 21 3
1 21 4
0 22 2
1 22 3
1 22 4
25 23 1
0 24 1
1 24 2
0 25 0
1 25 1
25 25 -1
0 26 0
0 27 0
0 28 0
0 29 0
25 30 -1
0 30 0
1 30 1
10 31 0
1 31 1
0 32 0
10 33 0
1 33 1
0 34 0
1 34 1
1 34 2
1 34 3
10 35 2
1 35 3
0 36 0
1 36 1
1 36 2
1 36 3
1 36 4
0 37 4
23 38 3
0 38 4
0 39 4
1 39 5
10 40 4
1 40 5
20 41 3
0 41 4
1 41 5
0 42 3
1 42 4
