1 0 0
0 0 -1
22 0 -3
1 1 0
1 1 -1
0 1 -2 
1 2 0
1 2 -1
0 2 -2
1 3 0
1 2 -1
0 3 -2
24 3 -3
0 3 -4
21 3 -5
1 4 0
1 4 -1
1 4 -2
1 5 0
1 5 -1
1 5 -2
1 6 0
1 6 -1
10 6 -2
1 7 0
1 7 -1
10 6 -2
1 7 0
1 7 -1
0 7 -2
0 8 0
23 8 -1
0 8 -3
0 9 0
24 9 -1
1 9 -3
0 9 -4
0 10 0
25 10 -1
1 10 -3
0 10 -4
23 10 -5
0 11 0
1 11 -3
0 11 -4
0 12 0
10 12 -3
0 13 -2
0 12 0
0 14 0
0 15 0
11 16 0
0 17 0
10 18 0
0 19 0
0 20 0
21 20 -1
0 21 0
0 22 0
10 23 0
0 24 0
1 25 0
0 25 -1
1 26 0
1 26 -1
0 26 -2
1 27 0
1 27 -1
1 27 -1
1 27 -2
0 27 -3
10 28 0
10 29 0
0 29 -3
10 30 0
0 31 -3
10 31 0
10 32 0
10 33 0
0 33 -3
10 34 0
0 35 -1
1 35 0
0 36 0
0 37 0
0 38 -1
1 38 0
1 39 0
1 39 -1
0 39 -2
0 40 0
25 40 -1
25 42 -1
25 44 -1
25 46 -1
25 48 -1
1 49 -1
0 41 0
0 42 0
0 43 0
0 44 0
0 45 0
0 46 0
0 47 0
0 48 0
1 49 0
0 41 -2
0 43 -2
0 45 -2
0 45 -2
0 47 -2
20 49 -2
0 43 0
